A100x16:
  q: [1.11350728, -0.11643823, 0.15658226, 1.26478436, 0.48382135, 0.41210216, 3.73683468,
    21.41761362, 0.97043002]
  theta: -0.03
maxStep: 0.1
