maxStep: 0.1
ROISize: 32
ROIPos: [0, 0]
dataDir: 'd:\data'
tmpPzlFile: 'd:\tmp\tmp.pzl'

A100x10:
  q: [1.11350728, -0.11643823,  0.15658226,  1.26478436,  0.48382135,  0.41210216,  3.73683468, 21.41761362,  0.97043002]
  theta: -0.03
  
A100x16:
  q: [1.11350728, -0.11643823,  0.15658226,  1.26478436,  0.48382135,  0.41210216,  3.73683468, 21.41761362,  0.97043002]
  theta: -0.03

B100x10:
  q: [1.21028829, -0.08336816, 0.13651387, 1.57704108, 0.96124242, 0.46767497, 0.44916831, 2.27378325, 0.51249788]
  theta: -0.12681961999191083
  
B100x16: 
  q: [4.0, -0.08336816, 0.13651387, 1.57704108, 0.96124242, 0.46767497, 0.44916831, 2.27378325, 0.51249788]
  theta: -0.12681961999191083