maxStep: 0.25
q:
  B100x1.0: [1.21028829, -0.08336816, 0.13651387, 1.57704108, 0.96124242, 0.46767497,
    0.44916831, 2.27378325, 0.51249788]
  A100x1.6: [1.11350728, -0.11643823,  0.15658226,  1.26478436,  0.48382135,  0.41210216,  3.73683468, 21.41761362,  0.97043002]
  A100x1: [1.11350728, -0.11643823,  0.15658226,  1.26478436,  0.48382135,  0.41210216,  3.73683468, 21.41761362,  0.97043002]
  B100x1.6: [4.0, -0.08336816, 0.13651387, 1.57704108, 0.96124242, 0.46767497, 0.44916831,
    2.27378325, 0.51249788]
theta: -0.12681961999191083
